308614 886056 阿尔茨海默概念 0 -0.006412412439181882  972.229 956.431 965.633
301558 885611 阿里巴巴概念 1 -0.0026216480376256165  1251.630 1231.672 1264.507
300800 885423 安防 1 -0.005384722231339855  3198.927 3122.508 3210.343
301496 885525 白酒概念 0 0.002047717310942839  7251.652 7324.663 7367.150
308594 885867 标普道琼斯A股 0 0.0009226534561725219  1274.946 1268.669 1281.597
309084 886053 BC电池 1 0.009697035219322593  887.969 893.441 908.433
301259 885797 百度概念 1 -0.0022030914749060523  1287.282 1261.611 1303.696
308743 885932 北交所概念 1 -0.0006522848938662704  1036.868 1024.639 1044.649
307408 885790 边缘计算 1 -0.004038101022219527  1607.026 1572.912 1624.163
305376 885829 丙烯酸 0 0.00011996447607119075  1661.603 1654.403 1670.803
307550 885825 冰雪产业 1 -0.005613531648239525  1063.561 1053.951 1061.658
308972 885997 比亚迪概念 1 -0.00039729907785109394  1124.258 1112.127 1136.469
300018 885623 参股保险 0 -0.0020134979376828115  1119.776 1114.190 1122.357
306912 885789 宁德时代概念 1 0.002830101569713785  1299.600 1291.518 1322.341
300100 885620 参股券商 0 -0.0002599997018352254  1117.950 1112.797 1123.714
300389 885729 参股新三板 1 -0.00016141447261432018  830.161 822.995 837.477
300157 885640 草甘膦 0 0.006288730301058934  1218.953 1231.314 1241.480
301270 885835 参股银行 0 -0.0009948519694903742  1116.414 1108.586 1120.681
309094 886061 长安汽车概念 1 -0.0015452093064980464  1040.420 1028.423 1051.548
308432 885832 长三角一体化 0 -0.0009579301983364952  1150.049 1142.876 1156.938
308969 885996 超超临界发电 0 0.0018676214526413364  1091.763 1084.360 1091.049
309056 886038 超导概念 1 -0.0014587486113597726  1078.093 1068.601 1085.840
300926 885886 超级电容 1 0.0028709150787648388  1524.601 1520.054 1545.875
306750 885761 超级品牌 0 -0.00015583151446789647  1336.914 1339.415 1345.103
308473 885816 超清视频 1 -0.00609831442142407  1551.139 1515.630 1551.997
300163 885662 车联网 1 -0.002311806489843593  786.398 774.412 794.914
309045 886030 成飞概念 1 0.0009955764469098884  1022.858 1009.511 1030.007
300786 885461 充电桩 1 0.0006922605470103853  4014.866 3977.304 4055.277
308588 886012 宠物经济 0 0.0024484441692136753  1001.180 997.477 1012.415
308822 885955 重组蛋白 1 -0.0009490078029530482  692.302 689.460 703.446
308753 885935 抽水蓄能 0 0.002089895366568973  937.527 929.939 937.002
301016 885946 传感器 1 -0.0054373251089414225  923.432 909.106 926.848
300168 885413 创投 1 -0.0009340716222149124  2408.452 2383.038 2429.621
308014 886015 创新药 0 -0.002800048474643288  1045.220 1034.007 1049.150
306380 885921 储能 1 0.0037869353963312156  1545.841 1540.777 1572.253
307940 886042 存储芯片 1 -0.002527281441673392  863.774 852.453 872.091
301123 885810 大豆 1 0.0062928657932844355  1822.646 1836.996 1878.748
300013 885566 大飞机 1 0.00012196493928562763  2219.217 2193.679 2235.263
308696 885904 代糖概念 0 0.0029246051827511166  748.933 747.938 756.088
307816 885893 国家大基金持股 0 -0.0032669732402828768  1038.576 1030.517 1044.527
300835 885452 大数据 1 -0.003990614713827246  2676.530 2617.942 2699.104
308876 885978 低辐射玻璃（Low-E） 0 0.011232028716878057  896.662 895.380 905.891
300733 885710 锂电池 1 0.005568555227737732  1150.029 1147.580 1177.146
302027 885737 电子竞技 1 -0.004761023711305277  383.741 375.481 386.237
300186 885420 电子商务 0 0.001276320544087805  2803.371 2808.550 2846.051
308869 885975 电子身份证 1 -0.0029393831845441263  1172.128 1143.484 1187.336
308700 885908 第三代半导体 1 -0.0007445811701039191  1115.616 1106.067 1125.663
301623 885692 地下管网 1 0.0027521056645732535  1048.046 1038.381 1055.458
308477 885819 电力物联网 1 0.0002730356123761901  1367.343 1351.179 1381.712
307822 885944 动力电池回收 1 0.005969983032397989  622.559 621.014 636.386
308828 885957 东数西算（算力） 1 -0.0029535589861603684  1303.625 1276.225 1321.164
308537 885846 动物疫苗 1 -0.0009189397642869338  1395.086 1386.169 1410.981
308366 885890 抖音概念 1 -0.003463172131777838  1105.345 1086.349 1116.093
309093 886060 短剧游戏 1 -0.00599353504134734  1022.435 994.597 1023.129
308002 885787 独角兽概念 1 -0.0022404342478853988  1389.314 1370.231 1400.783
309104 886062 多模态AI 1 -0.005679015840491086  918.469 892.846 923.748
301135 885953 电子纸 1 -0.010226770195917105  972.350 944.996 966.044
308803 885943 EDR概念 1 -0.0049542345065842815  830.939 816.701 834.200
309058 886039 ERP概念 1 -0.005607982937957775  925.407 903.616 929.698
300891 885540 三胎概念 0 -0.0020412198544812925  1798.761 1799.079 1816.252
308555 885861 ETC 1 -0.004817783232604664  1430.741 1400.647 1433.818
308850 885964 俄乌冲突概念 0 0.0015398511609160644  926.280 919.152 926.708
308977 885998 F5G概念 1 -0.0020868862244403995  1453.042 1424.574 1466.655
308572 885856 仿制药一致性评价 0 -0.0036955602318549164  1419.451 1406.535 1422.467
301174 886003 钒电池 0 0.0028730885905010987  986.859 984.149 993.731
308590 885873 分拆上市意愿 0 0.0002455269968442201  1303.319 1295.935 1312.562
300200 885641 风电 0 0.001756577538658651  787.706 781.973 793.371
308438 885805 芬太尼 0 -0.0007816741071204554  1993.158 1981.827 1983.208
300085 885551 氟化工概念 1 0.005160870147148865  3008.472 3003.221 3050.419
301236 885617 福建自贸区 1 -0.0024411181393292126  1001.044 988.684 1008.674
307954 885786 富士康概念 1 -0.006062303559518299  1438.837 1407.814 1441.952
308708 885909 辅助生殖 0 -0.0026517412211111055  1099.152 1096.393 1108.880
308991 886006 钙钛矿电池 1 0.007746897485584578  776.655 776.430 789.584
308915 885989 肝炎概念 0 -0.0034340418543456776  1083.854 1072.746 1085.445
300890 885427 高端装备 1 -0.001213457674756578  1996.224 1972.465 2003.661
301518 885562 高铁 1 -0.0009332627455745562  2304.460 2284.674 2319.658
308806 886001 高压快充 1 0.001798460412866989  1142.644 1130.839 1155.535
309023 886018 高压氧舱 0 -0.0008117545719153784  1020.834 1019.678 1028.614
309049 886033 共封装光学（CPO） 1 -0.004643297508082201  1430.090 1399.793 1440.383
308732 885924 共同富裕示范区 1 0.00044140380463245126  1043.640 1037.967 1054.866
301620 885619 工业4.0 1 -0.003606250315741215  1801.317 1776.451 1807.148
301477 885818 工业大麻 0 -0.0016166378343440884  1315.075 1302.956 1319.930
301780 885783 工业互联网 1 -0.003300208585569457  1657.673 1627.931 1667.619
300941 885930 工业母机 2 -0.0060119138890255075  1036.941 1015.727 1035.013
301284 885657 供应链金融 0 -0.00020718244378840838  559.893 554.898 562.735
302154 885739 股权转让 1 0.00035506048975524046  759.495 752.213 765.889
301630 885734 广东自贸区 1 -6.725564267200165e-05  1090.367 1081.599 1098.124
301079 885531 光伏概念 1 0.004393036397286201  2846.247 2839.081 2885.297
309085 886054 光刻机 1 -0.004523114777039976  957.526 938.844 961.647
308582 885864 光刻胶 1 -0.0017402304227720547  2287.245 2253.075 2306.394
300223 886011 光热发电 0 0.004457215485039604  799.378 801.739 810.653
300221 885410 固废处理 0 0.003385910336331054  1561.963 1551.531 1570.317
308829 885958 硅能源 1 0.006179290199480183  833.483 833.782 848.316
308531 885844 国产操作系统 1 -0.0034413703670446746  1436.637 1402.965 1450.889
301524 885568 国产软件 1 -0.003578079653630563  3314.534 3244.041 3350.365
300082 885700 军工 1 0.0004359407891250705  1383.980 1368.307 1397.924
309034 886021 国企改革 0 -0.0008921365225609367  1038.705 1030.279 1041.918
308874 885977 国资云 1 -0.0025091812302997086  1236.127 1205.612 1246.705
308294 886032 固态电池 1 0.007375237599058962  737.061 737.242 759.302
302174 885865 钴 1 0.005879339915635276  1438.200 1434.026 1462.753
302166 885747 共享单车 1 -0.0007519272840475374  974.385 963.421 984.063
301669 886016 供销社 1 -0.0004503436397692118  1088.058 1109.675 1098.623
300105 885426 海工装备 1 0.0030747571669260017  1787.133 1767.907 1798.950
308428 885894 海南自贸区 0 0.003082916964073277  1120.800 1120.559 1133.346
300066 885939 海峡两岸 1 -0.00037165487269418657  1070.886 1061.327 1078.349
301470 885884 航空发动机 1 0.0010874626934235154  1639.903 1626.946 1656.285
300236 885795 国产航母 1 0.003313470845615958  1490.582 1473.983 1502.344
300973 885733 航运概念 0 0.002445159359124776  1234.957 1220.417 1233.697
301783 885701 杭州亚运会 1 -0.0018760953167762126  898.142 885.188 901.284
309051 886035 毫米波雷达 1 -0.0008577094418662584  1076.122 1063.340 1088.073
300238 885571 核电 0 0.0005559849629343693  2277.040 2263.602 2294.148
308547 885849 黑龙江自贸区 0 -0.003207293781270185  1315.751 1303.387 1316.894
302144 885984 恒大概念 1 0.0033673365713599857  1010.492 1001.777 1021.166
300087 885827 横琴新区 1 -0.0023844778385580683  1283.859 1267.514 1290.147
301424 886052 核污染防治 1 -0.00022662721517514636  944.282 934.203 948.907
308698 885906 核准制次新股 0 -0.004460183017406836  885.016 869.036 881.746
301249 885647 互联网彩票 1 -0.005764152574197781  671.044 659.625 672.979
301209 885456 互联网金融 1 -0.00120496387036133  4063.469 4002.365 4114.850
300444 885765 互联网医疗 1 -0.004087024490419869  924.552 910.014 927.849
308731 885923 鸿蒙概念 1 -0.00038388876294110367  1323.300 1283.757 1351.912
308941 885994 猴痘概念 0 -0.0031941090970245074  832.470 823.780 835.070
301104 885967 化肥 0 0.0019452194757731934  763.410 763.260 770.916
308775 885938 换电概念 1 -0.0002372522591896773  1149.269 1140.228 1162.131
300248 885530 黄金概念 0 0.0014999545828300214  1823.833 1811.720 1824.747
308202 885903 环氧丙烷 0 0.0016701861949337427  1205.654 1204.109 1214.571
301459 885806 华为概念 1 -0.0027461986676369896  2069.406 2031.245 2087.198
308527 885843 华为海思概念股 1 -0.004271279040623585  2041.465 1996.101 2052.905
308883 885980 华为鲲鹏 1 -0.004464071029881903  1012.006 987.021 1026.162
308887 885982 华为欧拉 1 -0.0021102516242447636  1006.673 981.628 1026.742
308507 885834 华为汽车 1 -0.0017191238398835676  1911.051 1882.052 1923.057
309090 886058 华为昇腾 1 -0.0011390118090649618  1069.348 1039.502 1091.384
301490 885520 沪股通 0 0.0005603189829074695  1629.429 1619.789 1640.167
301628 885767 互联网保险 0 -0.005570771578147156  741.908 734.866 744.577
301522 885675 集成电路概念 1 -0.0028259772311775688  1826.035 1801.730 1837.134
309081 886051 减肥药 1 -0.00016980078626396353  1042.398 1029.449 1053.095
309000 886008 减速器 2 -0.005975057887428639  1078.818 1062.013 1081.094
300261 885386 建筑节能 1 0.0016147270819123405  1106.895 1092.594 1109.343
308885 885981 家庭医生 1 -0.004490498486619456  1017.259 997.688 1019.366
300814 885543 家用电器 0 -0.0002867549487316557  2565.489 2553.735 2584.856
300730 885563 节能环保 1 0.003042948192507779  1718.947 1705.788 1733.045
300053 885433 节能照明 1 -0.002388397972531606  3402.141 3356.382 3432.967
300265 885560 金改 1 0.0017444468729696557  2118.341 2109.316 2144.879
300061 885514 京津冀一体化 1 -0.0005279683961832218  1507.666 1493.907 1519.885
301032 885961 净水概念 0 0.0013001265018556098  882.991 874.726 887.602
301107 885972 金属回收 1 0.0017054243524945688  773.610 764.801 778.918
308864 885971 金属铅 0 0.001055903469368641  835.935 829.235 836.796
301582 885970 金属锌 0 0.0012783418014285835  861.272 855.662 864.259
300816 885517 机器人概念 1 -0.003973494599836767  2360.978 2316.781 2371.360
301258 886002 机器视觉 1 -0.00792049282069529  1188.857 1160.176 1187.525
301146 885578 基因测序 0 -0.0028739782296873704  1724.091 1712.114 1735.132
301799 885703 健康中国 0 -0.0049714211365582415  771.141 766.855 773.064
301786 885743 军民融合 1 0.0012257712172731698  963.747 950.464 971.266
300269 885587 举牌 0 -0.0021457319740718138  2088.487 2088.232 2109.349
309035 886024 抗病毒面料 0 0.00037803057760734185  940.841 935.470 948.429
309031 886022 抗原检测 0 -0.0038718299751290598  869.959 862.682 873.390
308699 885907 科创次新股 1 0.000987644694821014  615.606 611.294 626.034
301117 885901 可降解塑料 0 0.004318058889362523  1069.848 1069.943 1081.478
309108 886065 可控核聚变 1 -0.0028449449145381916  984.319 975.597 990.838
300277 885748 可燃冰 0 -0.00011408090878808354  1022.666 1014.499 1018.325
301610 885802 壳资源 0 0.001020925398927363  2239.798 2232.809 2262.383
309066 886049 空间计算 1 -0.010428474684709877  908.634 880.074 904.736
309007 886010 空气能热泵 0 -0.001417416634236547  981.598 971.352 984.110
308659 885918 快手概念 1 -0.00473766873449719  1339.407 1302.285 1344.104
301564 885642 跨境电商 0 -0.0029502465314276776  688.756 684.931 694.835
308566 885854 垃圾分类 1 0.004197582989047787  1345.298 1335.718 1358.030
301179 885502 冷链物流 0 -0.00046450038303762594  1331.897 1323.566 1339.408
301248 885974 两轮车 2 0.0058904023282281654  1074.007 1072.757 1096.044
308956 885995 粮食概念 0 0.0035349867862736126  873.082 877.609 885.555
300830 885730 量子科技 1 -0.0014542170882199882  1297.147 1275.597 1306.306
300098 885863 磷化工 0 0.003263881025608193  1748.634 1739.426 1763.035
300038 885879 流感 0 -0.004632014677837685  1327.716 1313.894 1328.633
308926 885990 露营经济 1 -0.005005677278380075  1282.011 1270.861 1278.517
308760 885936 绿色电力 0 0.0029312000689241564  866.653 860.277 868.220
300923 885505 生态农业 1 0.0057299599660991475  1332.121 1331.896 1353.976
301223 885497 旅游概念 0 -0.00880317943271438  2144.869 2093.620 2119.580
308893 885985 毛发医疗 0 -0.0005186468673383192  1057.881 1063.241 1069.489
302150 885749 蚂蚁金服概念 1 -0.0029114038197752424  1190.262 1171.397 1200.266
300084 885398 煤化工 0 0.0001413689656565178  1997.138 1989.304 1996.332
308716 885914 煤炭概念 0 -0.0030172160359304627  1757.470 1740.093 1738.820
308657 885898 免税店 1 -0.0003204372170245154  843.639 844.445 848.406
308834 885960 民爆概念 0 -0.0005779818754290517  1105.571 1095.907 1107.089
308628 885875 MiniLED 1 -0.005633681418367422  1338.083 1311.722 1338.447
301346 885490 民营医院 0 -0.0005869091072797554  1406.805 1405.892 1418.046
303944 885745 MSCI概念 0 0.0010065027454865764  1138.596 1134.400 1146.691
301096 885928 钠离子电池 1 0.0074868838846777995  823.351 821.423 844.698
308535 886047 脑机接口 1 -0.004356018742137329  977.192 948.904 983.279
308748 885933 NFT概念 1 -0.007345380301221179  1347.559 1312.986 1345.147
301511 885969 金属镍 1 0.0022194141096953755  685.316 681.407 693.396
301632 885629 农村电商 0 -5.8896915509420105e-05  1522.434 1516.323 1534.167
301306 885706 农机 0 -0.0023572116563125934  807.734 804.479 815.429
308016 885812 农业种植 0 0.0012392213056505637  2054.516 2066.683 2083.192
301154 885738 OLED 1 -0.003926053202681541  1559.157 1530.809 1562.377
308832 885959 PCB概念 1 -0.0012802017999377364  896.994 885.773 907.253
309105 886063 PEEK材料 1 -0.012670074026058532  978.079 952.025 973.548
308774 885937 培育钻石 1 0.0013344601537133534  778.592 782.220 791.241
309030 886020 PET铜箔 1 0.0024226712840895543  813.152 809.680 825.646
301497 885780 啤酒概念 0 0.006635872085009361  1276.848 1287.594 1301.138
308709 885910 拼多多概念 1 -0.0004624761762552976  964.374 955.455 980.075
300309 885376 苹果概念 1 -0.0060836181104988  2734.009 2681.368 2737.149
300134 885555 PM2.5 1 0.0021621581453627795  1166.273 1151.768 1175.058
309040 886026 POE胶膜 0 0.01237216314496136  748.643 750.167 759.890
301624 885690 PPP概念 1 0.003698356812188216  752.947 746.722 758.342
308694 885902 汽车拆解概念 0 0.002329916614065291  948.961 944.725 957.730
301471 885545 汽车电子 1 -0.0036629463291928057  2875.008 2829.794 2893.201
308805 885999 汽车热管理 1 -0.0023947390782792927  1208.204 1195.425 1216.463
308725 885945 汽车芯片 1 -0.003281221333762083  646.812 639.552 652.194
300220 885570 期货概念 0 0.00016773780938701875  1400.996 1391.249 1411.945
301794 885852 青蒿素 0 -0.004807841177258179  1528.614 1516.503 1528.962
308491 885823 氢能源 0 0.0017789353474098916  1690.899 1682.931 1702.645
300075 885508 禽流感 0 -0.002802576009258455  2084.154 2062.765 2085.701
302045 885757 区块链 1 -0.0027722276848356087  1143.124 1121.911 1152.778
301292 885633 染料 0 0.0006764950838675402  952.951 943.985 957.011
300316 885775 燃料电池 1 0.001085586064707175  1306.821 1299.026 1319.109
305790 885798 燃料乙醇 1 0.012266352459204488  1016.738 1022.033 1038.670
302035 885728 人工智能 1 -0.004866869765980427  878.388 859.254 884.586
308517 885839 人造肉 1 0.00628050337067149  1146.458 1156.839 1176.524
301166 885759 人脸识别 1 -0.005206562832265901  920.761 897.597 926.562
300900 885338 融资融券 1 -0.0011162751696903728  1144.879 1137.543 1156.255
308467 885809 柔性屏 1 -0.004413871369834949  1720.032 1681.857 1717.886
308810 885948 柔性直流输电 0 0.0012185346275445294  847.466 840.643 853.149
300983 885462 乳业 1 0.00743740537370817  1846.298 1876.809 1893.085
301602 885792 赛马概念 0 -0.0006521084840985675  777.478 772.731 781.303
301402 885493 上海国企改革 0 -0.0010894352455652536  1349.017 1342.492 1353.643
301128 885472 上海自贸区 1 0.00029220882178100096  2985.308 2971.595 3019.807
301636 885694 深股通 1 0.001703733632822393  898.419 890.658 908.338
300106 885845 生物疫苗 0 -0.0033425226420782214  1743.693 1729.898 1744.570
300769 885403 生物医药 1 -0.0015955761299367504  2292.171 2278.556 2313.312
308989 886005 生物质能发电 0 0.004432653471734162  815.313 811.857 820.081
301171 885697 深圳国企改革 1 -0.0005402124254667073  1377.236 1360.960 1382.581
308710 885911 社区团购 1 0.0019553825885416432  841.779 848.047 852.834
300714 886014 世界杯 0 -0.004162003376465028  1234.822 1222.295 1236.665
300180 886036 时空大数据 1 -0.003601290949629399  1032.315 1009.445 1045.390
307512 885781 石墨电极 1 0.0007063313860619804  925.911 927.144 942.614
300337 885355 石墨烯 1 0.002383955512944424  1057.626 1052.534 1075.491
300023 885406 食品安全 1 -0.0008193618655340005  3375.391 3350.098 3412.825
308661 885895 室外经济 1 0.0021979428011949455  1797.590 1797.856 1819.044
301050 885457 手机游戏 1 -0.00867590959584434  2156.892 2101.438 2159.990
300345 885572 水利 1 0.002917687286698589  1782.005 1767.775 1796.547
307826 885782 水泥概念 0 0.001026746651741717  1014.856 1008.208 1015.342
308801 885942 数据安全 1 -0.0022563709238653095  844.867 824.401 856.835
309037 886023 数据确权 1 -0.0040599739595594255  1210.681 1176.147 1219.337
309060 886041 数据要素 1 -0.004686276219411772  894.598 872.241 902.584
308642 885887 数据中心 1 -0.0027213107592894115  1236.169 1211.016 1247.530
301997 885866 数字货币 1 -0.002161273136329073  1502.201 1468.616 1522.882
308870 885976 数字经济 1 -0.0036821056001400845  1157.852 1130.545 1167.040
308479 885820 数字孪生 1 -0.0030614544425851264  1251.366 1223.742 1262.087
309050 886034 数字水印 1 -0.002310802317222275  841.122 821.606 849.523
308525 885842 数字乡村 1 -0.002815713914467968  1422.493 1392.244 1431.200
308296 885796 送转填权 0 -0.01965860324665132  949.101 932.645 941.559
300862 885699 ST板块 0 -0.001362088271920266  573.629 574.244 575.927
309068 886050 算力租赁 1 -0.0027071736313713252  924.088 902.582 936.059
300351 885652 钛白粉概念 0 0.0038045290064424946  1401.838 1394.842 1415.431
300795 886043 太赫兹 1 0.0023817995633311465  997.705 982.638 1008.523
308620 885871 胎压监测 1 -0.0028199249589251282  1699.336 1664.492 1698.728
300931 885986 碳交易 0 0.0049597373486343676  875.584 871.516 882.107
300352 885650 碳纤维 1 0.0019064621163754892  1168.482 1160.075 1187.954
308728 885919 碳中和 1 0.0033241017234344953  1384.735 1370.894 1396.883
300845 885428 特钢概念 0 0.00022522471226280234  2634.406 2621.028 2640.329
300353 885425 特高压 1 0.0031497455553372647  2555.762 2548.963 2590.563
302010 885779 腾讯概念 1 -0.0025737867971081267  882.746 865.937 891.158
302674 885750 特色小镇 1 0.004466960966352292  406.615 405.303 411.675
301121 885467 特斯拉 1 2.7499525080085466e-05  3163.691 3131.466 3193.754
301229 885487 天津自贸区 0 -0.0057426923624106264  1096.524 1085.688 1093.621
300358 885430 天然气 0 0.0011879857785620782  1124.312 1117.364 1125.640
301605 885615 体育产业 0 -0.004462254662066263  813.266 804.007 814.533
301577 885973 金属铜 0 0.001179710215167299  866.597 859.313 870.018
308718 885916 同花顺漂亮100 0 -0.0001909484332299157  654.627 651.995 658.604
309062 886045 同花顺中特估100 0 -0.0013731962979765158  844.259 838.090 838.567
308901 885988 统一大市场 0 0.001194730337162511  1027.289 1020.969 1034.335
300362 885500 通用航空 1 0.006386313034795561  1403.418 1390.429 1428.988
308992 886007 TOPCON电池 0 0.006327824866182572  855.955 856.504 868.596
300858 885439 土地流转 0 -0.0008678573826629998  1787.160 1782.685 1797.765
308862 885968 托育服务 0 0.00020638504231502164  822.088 820.915 833.165
300925 885962 土壤修复 0 0.004545506764648487  783.411 776.895 786.887
302059 885788 网络直播 0 -0.0018183077997901906  755.281 753.898 764.551
308630 885876 网红经济 1 -0.0006792295199860556  1152.286 1152.553 1172.539
300019 885603 网络游戏 1 -0.0050003906767911  1224.371 1195.486 1229.096
302142 885753 网约车 2 -0.0018277252422292042  1094.074 1083.198 1100.092
308300 885925 MCU芯片 1 -0.0023800551379440306  857.123 849.125 864.496
300722 885574 卫星导航 1 -0.0007351511711602201  2558.204 2512.699 2575.309
300806 885418 文化传媒 1 -0.006955891359954021  2231.921 2175.373 2228.039
308791 885940 WiFi 6 1 -0.004186939252101672  1028.277 1006.102 1035.494
300378 885312 物联网 1 -0.0029965473566383673  1963.037 1926.944 1977.758
300889 885564 无人机 1 0.0004503685030706885  1764.481 1737.115 1779.674
301286 885736 无人驾驶 1 -0.0009452532519243364  1672.215 1649.919 1690.936
304756 885768 无人零售 1 -2.0039848729739462e-05  981.378 976.715 995.106
300374 885412 污水处理 0 0.003522093198612557  1326.200 1315.710 1335.100
300723 885774 无线充电 1 -5.6501626212349234e-05  1256.601 1239.593 1268.594
308612 885868 无线耳机 1 -0.005018810697037963  1439.252 1414.178 1446.164
308717 885915 物业管理 0 1.610100611965576e-05  1035.132 1031.326 1043.495
302182 885744 雄安新区 1 0.0020686289981733516  918.805 908.600 924.844
300836 885705 乡村振兴 0 0.001685625677786546  876.628 872.246 885.229
309004 886009 先进封装 1 -0.0034915153120871883  1079.474 1064.570 1087.345
308636 885882 消毒剂 0 -0.00032816639873771777  1433.216 1424.180 1440.888
308384 885800 消费电子概念 1 -0.006103407236023244  1651.045 1619.357 1659.116
300809 885552 小金属概念 0 0.0023539134612286217  1820.656 1814.544 1839.418
301278 885785 小米概念 1 -0.0029234959813632406  1210.651 1190.628 1220.560
309106 886064 小米汽车 1 -0.0022836486837064353  970.085 952.277 973.826
301543 885769 细胞免疫治疗 1 -0.0008888388494189906  870.424 864.684 879.097
300883 885544 新材料概念 1 0.001877914760226148  2646.730 2636.479 2679.259
309020 886013 信创 1 -0.004029447880589254  1352.129 1322.010 1369.306
309086 886055 星闪概念 1 -0.005694376217469303  981.202 961.308 992.967
309041 886027 新冠特效药 0 -0.0021368353468512995  667.654 661.152 670.564
300870 885598 新股与次新股 1 -0.005910837029807232  18553.943 18486.356 18857.894
300386 885345 新疆振兴 0 0.0017552794395868706  814.875 812.173 821.680
302436 885784 新零售 0 0.0015251695041831397  950.714 956.501 967.060
300008 885431 新能源汽车 1 -0.0006506829033756835  2656.696 2630.928 2683.566
301085 885756 芯片概念 1 -0.0031329713113805373  2304.096 2271.394 2320.924
301377 885814 信托概念 0 0.002291279795351355  831.995 830.440 840.731
300756 885459 网络安全 1 -0.002797938428054487  3776.471 3694.295 3821.120
300841 885991 新型城镇化 1 0.0037910707878414875  975.450 963.589 982.419
309089 886057 新型工业化 2 -0.008362280287552709  1069.485 1045.973 1066.673
301362 885899 新型烟草 1 -0.0008423749502404055  1060.098 1049.217 1069.518
300777 885284 稀缺资源 0 0.0001227879250691178  1189.042 1179.205 1192.253
300382 885343 稀土永磁 1 0.0016564998938504037  1766.375 1758.913 1786.764
309042 886028 血氧仪 1 -0.00509119471355272  1048.215 1034.644 1052.531
308761 886004 虚拟电厂 1 0.00222773163168  1043.064 1030.430 1051.787
308794 885950 虚拟数字人 1 -0.006786380551267158  1019.542 994.328 1024.160
301699 885709 虚拟现实 1 -0.0070744026670172865  646.415 630.033 646.807
308733 885926 牙科医疗 0 -0.0007558741110138047  839.205 838.062 845.635
308560 885851 烟草 1 -0.001328269632942426  1208.339 1191.931 1213.197
301576 885808 养鸡 1 0.010093286554070094  1286.895 1287.462 1317.563
301494 885522 养老概念 1 -0.0023638850532363134  1840.191 1821.029 1851.864
301546 885595 央企国企改革 0 -0.0001741994695743474  2265.602 2244.218 2270.218
307904 885922 盐湖提锂 1 0.005879313784501353  1172.926 1164.139 1191.549
301252 885838 眼科医疗 0 -0.001268642835579463  1587.786 1585.870 1602.702
309061 886044 液冷服务器 1 -0.002101781954501098  811.375 799.246 820.214
300402 885372 页岩气 0 -4.4421887996874384e-05  1800.914 1786.456 1797.617
301365 885494 一带一路 0 0.0005478664182294134  1625.092 1610.894 1632.339
300188 885333 移动支付 1 -0.0026060208967008474  1689.549 1654.709 1710.294
308638 885883 医疗废物处理 0 0.004037379470173327  1149.508 1143.058 1156.986
308712 885913 医美概念 0 -0.0006872702755605504  1149.475 1154.152 1165.146
309065 886048 英伟达概念 1 -0.0055787442577686945  867.041 846.931 872.528
308984 886000 一体化压铸 1 -0.00034394360999166307  955.583 945.363 962.337
301505 885539 医疗器械概念 0 -0.002908671395428279  2284.319 2265.226 2297.814
301279 885912 有机硅概念 1 0.001946527794834086  1343.589 1336.245 1357.688
308818 885952 幽门螺杆菌概念 0 -0.003206946774071093  965.820 958.001 967.998
308752 885934 元宇宙 1 -0.005827870892272216  1315.346 1279.143 1319.089
301491 885521 粤港澳大湾区 1 0.0013690867535230162  1747.637 1733.132 1767.382
301572 885811 玉米 0 0.0016242296245911508  2102.330 2113.581 2133.720
308634 885881 云办公 1 -0.0005973210477160456  1430.833 1394.292 1450.499
300419 885362 云计算 1 -0.0028069077290595657  2709.506 2651.566 2739.027
308624 885874 云游戏 1 -0.006929315387370239  1072.256 1042.236 1074.851
300917 885772 语音技术 1 -0.006944068099387187  1328.568 1294.161 1333.284
308458 885869 三季报预增 1 0.002574063836638874  2773.047 2762.403 2804.527
308814 885951 预制菜 0 0.003693825501163223  999.957 1013.418 1021.684
301565 885661 医药电商 0 -0.0041156385249407285  998.387 991.657 996.638
301227 885480 在线教育 1 -0.00520866058161746  2355.500 2299.529 2372.070
308931 885992 噪声防治 1 0.00260236342202576  1156.769 1150.881 1171.421
301713 885860 中船系 1 0.004043927343798083  1229.333 1209.824 1246.111
302046 885740 债转股(AMC概念) 0 0.0003132411509375108  856.635 851.616 860.655
300642 885378 智慧城市 1 -0.0038198647640707655  3135.015 3068.695 3162.749
308841 885963 智慧灯杆 1 -0.003621998109623522  1089.730 1070.844 1099.780
308606 885956 智慧政务 1 -0.004441464554811785  1057.459 1027.220 1068.663
301175 885454 智能穿戴 1 -0.00497890708301757  2431.859 2389.815 2443.401
300037 885311 智能电网 1 0.0009277918102335098  2283.199 2263.192 2305.733
300920 885478 智能家居 1 -0.001465696146404437  2615.367 2581.045 2634.748
300440 885766 智能交通 1 -0.0030702084682595076  995.915 971.825 1003.175
301797 885770 智能物流 2 -0.0022573123709978115  784.709 776.260 789.209
300682 885402 智能医疗 1 -0.005101724425316636  3375.656 3293.603 3392.837
302131 885771 智能音箱 1 -0.006263433738606771  1555.164 1510.858 1555.477
308792 885941 智能制造 1 -0.004656504962035059  942.624 928.524 945.536
309092 886059 智能座舱 1 -0.0030824030007075634  947.421 929.416 954.037
308172 885791 知识产权保护 1 -0.007427323417402124  1367.967 1334.457 1368.834
301539 885586 职业教育 1 -0.0019527486188239357  1285.197 1265.831 1300.178
308854 885965 中俄贸易概念 0 -0.0017021232653918151  1162.078 1152.503 1165.579
301541 885591 中韩自贸区 0 0.0030340505865255898  1834.731 1843.345 1859.671
308690 885897 中芯国际概念 1 -0.00020614478606907218  1196.570 1186.551 1207.918
300704 885741 中字头股票 0 -0.00016219185215357628  1249.549 1237.062 1250.437
308740 885929 专精特新 1 -0.0033948449662933675  951.148 941.625 959.961
300435 885877 转基因 0 0.0010665349603360009  1490.184 1491.548 1510.215
308697 885905 注册制次新股 1 0.00125919535643213  263.131 260.199 267.013
300451 885573 猪肉 1 0.00825692152527279  2796.361 2788.873 2853.173
301715 885663 证金持股 0 -0.0010311645095135236  868.274 863.475 867.838
301455 885742 摘帽 1 -0.0024883322572180626  678.366 672.633 683.376
305794 885760 装配式建筑 0 0.0011235271002485085  782.951 776.058 786.012
301100 885580 足球概念 0 -0.0031448279816983387  976.524 971.355 976.282
302034 885758 租售同权 0 0.0007477583249032101  677.135 673.665 682.949
306398 885764 自由贸易港 0 0.0016246915898840246  788.047 784.501 793.471
300127 885537 3D打印 1 -0.0025879586419908936  2378.580 2348.491 2388.615
300843 885556 5G 1 -0.002983639801757077  3154.648 3103.271 3178.798
309055 886037 6G概念 1 -0.0021974442781019722  1082.773 1061.353 1087.632
